Year	Month	Day	Hour	Minute	DOY	TOD	DEC	zm	hc	z0	umean	h	ol	sigmav	ustar	wind_dir
2018	1	1	0	30	1	0.5	1.02083	52	10	1.5	3.857	3000	5.66	0.241	0.469	60
2018	1	1	1	30	1	1.5	1.06250	52	10	1.5	1.415	3000	17.48	0.278	0.205	120
2018	1	1	2	30	1	2.5	1.10417	52	10	1.5	0.89	3000	2.64	0.301	0.174	95
2018	1	1	3	30	1	3.5	1.14583	52	10	1.5	1.593	3000	2.11	0.167	0.064	280
2018	1	1	4	30	1	4.5	1.18750	52	10	1.5	0.91	3000	2.13	0.263	0.146	175
2018	1	1	5	30	1	5.5	1.22917	52	10	1.5	1.94	3000	2.36	0.354	0.086	35
2018	1	1	6	30	1	6.5	1.27084	52	10	1.5	2.06	3000	3.44	0.301	0.137	75
2018	1	1	7	30	1	7.5	1.31250	52	10	1.5	1.181	3000	3.06	0.288	0.257	310
2018	1	1	8	30	1	8.5	1.35417	52	10	1.5	1.597	3000	-2.84	0.236	0.121	235
2018	1	1	9	30	1	9.5	1.39584	52	10	1.5	0.46	3000	-2.12	0.307	0.112	180
2018	1	1	10	30	1	10.5	1.43750	52	10	1.5	1.325	3000	-22.68	0.159	0.325	135
2018	1	1	11	30	1	11.5	1.47917	52	10	1.5	1.484	3000	-13.87	0.417	0.37	95
2018	1	1	12	30	1	12.5	1.52084	52	10	1.5	2.044	3000	-5.80	0.517	0.416	115
2018	1	1	13	30	1	13.5	1.56250	52	10	1.5	4.084	3000	-12.17	0.572	0.29	265
2018	1	1	14	30	1	14.5	1.60417	52	10	1.5	2.028	3000	-14.45	0.304	0.299	275
2018	1	1	15	30	1	15.5	1.64584	52	10	1.5	2.67	3000	-38.32	0.26	0.367	85
2018	1	1	16	30	1	16.5	1.68751	52	10	1.5	1.749	3000	14.44	0.257	0.27	95
2018	1	1	17	30	1	17.5	1.72917	52	10	1.5	1.185	3000	-26.39	0.411	0.056	280
2018	1	1	18	30	1	18.5	1.77084	52	10	1.5	0.917	3000	-123.11	0.38	0.132	175
2018	1	1	19	30	1	19.5	1.81251	52	10	1.5	1.027	3000	252.85	0.356	0.057	35
2018	1	1	20	30	1	20.5	1.85417	52	10	1.5	1.221	3000	4.59	0.2	0.138	75
2018	1	1	21	30	1	21.5	1.89584	52	10	1.5	1.528	3000	-277.72	0.494	0.098	310
2018	1	1	22	30	1	22.5	1.93751	52	10	1.5	1.406	3000	-46.97	0.263	0.277	235
2018	1	1	23	30	1	23.5	1.97917	52	10	1.5	1.294	3000	5.78	0.378	0.476	115
2018	1	2	0	30	2	0.5	2.02084	52	10	1.5	3.857	3000	5.66	0.241	0.469	60
2018	1	2	1	30	2	1.5	2.06251	52	10	1.5	1.415	3000	17.48	0.278	0.205	120
2018	1	2	2	30	2	2.5	2.10418	52	10	1.5	0.89	3000	2.64	0.301	0.174	95
2018	1	2	3	30	2	3.5	2.14584	52	10	1.5	1.593	3000	2.11	0.167	0.064	280
2018	1	2	4	30	2	4.5	2.18751	52	10	1.5	0.91	3000	2.13	0.263	0.146	175
2018	1	2	5	30	2	5.5	2.22918	52	10	1.5	1.94	3000	2.36	0.354	0.086	35
2018	1	2	6	30	2	6.5	2.27084	52	10	1.5	2.06	3000	3.44	0.301	0.137	75
2018	1	2	7	30	2	7.5	2.31251	52	10	1.5	1.181	3000	3.06	0.288	0.257	310
2018	1	2	8	30	2	8.5	2.35418	52	10	1.5	1.597	3000	-2.84	0.236	0.121	235
2018	1	2	9	30	2	9.5	2.39584	52	10	1.5	0.46	3000	-2.12	0.307	0.112	180
2018	1	2	10	30	2	10.5	2.43751	52	10	1.5	1.325	3000	-22.68	0.159	0.325	135
2018	1	2	11	30	2	11.5	2.47918	52	10	1.5	1.484	3000	-13.87	0.417	0.37	95
2018	1	2	12	30	2	12.5	2.52085	52	10	1.5	2.044	3000	-5.80	0.517	0.416	115
2018	1	2	13	30	2	13.5	2.56251	52	10	1.5	4.084	3000	-12.17	0.572	0.29	265
2018	1	2	14	30	2	14.5	2.60418	52	10	1.5	2.028	3000	-14.45	0.304	0.299	275
2018	1	2	15	30	2	15.5	2.64585	52	10	1.5	2.67	3000	-38.32	0.26	0.367	85
2018	1	2	16	30	2	16.5	2.68751	52	10	1.5	1.749	3000	14.44	0.257	0.27	95
2018	1	2	17	30	2	17.5	2.72918	52	10	1.5	1.185	3000	-26.39	0.411	0.056	280
2018	1	2	18	30	2	18.5	2.77085	52	10	1.5	0.917	3000	-123.11	0.38	0.132	175
2018	1	2	19	30	2	19.5	2.81251	52	10	1.5	1.027	3000	252.85	0.356	0.057	35
2018	1	2	20	30	2	20.5	2.85418	52	10	1.5	1.221	3000	4.59	0.2	0.138	75
2018	1	2	21	30	2	21.5	2.89585	52	10	1.5	1.528	3000	-277.72	0.494	0.098	310
2018	1	2	22	30	2	22.5	2.93752	52	10	1.5	1.406	3000	-46.97	0.263	0.277	235
2018	1	2	23	30	2	23.5	2.97918	52	10	1.5	1.294	3000	5.78	0.378	0.476	115
2018	1	3	0	30	3	0.5	3.02085	52	10	1.5	3.857	3000	5.66	0.241	0.469	60
2018	1	3	1	30	3	1.5	3.06252	52	10	1.5	1.415	3000	17.48	0.278	0.205	120
2018	1	3	2	30	3	2.5	3.10418	52	10	1.5	0.89	3000	2.64	0.301	0.174	95
2018	1	3	3	30	3	3.5	3.14585	52	10	1.5	1.593	3000	2.11	0.167	0.064	280
2018	1	3	4	30	3	4.5	3.18752	52	10	1.5	0.91	3000	2.13	0.263	0.146	175
2018	1	3	5	30	3	5.5	3.22918	52	10	1.5	1.94	3000	2.36	0.354	0.086	35
2018	1	3	6	30	3	6.5	3.27085	52	10	1.5	2.06	3000	3.44	0.301	0.137	75
2018	1	3	7	30	3	7.5	3.31252	52	10	1.5	1.181	3000	3.06	0.288	0.257	310
2018	1	3	8	30	3	8.5	3.35419	52	10	1.5	1.597	3000	-2.84	0.236	0.121	235
2018	1	3	9	30	3	9.5	3.39585	52	10	1.5	0.46	3000	-2.12	0.307	0.112	180
2018	1	3	10	30	3	10.5	3.43752	52	10	1.5	1.325	3000	-22.68	0.159	0.325	135
2018	1	3	11	30	3	11.5	3.47919	52	10	1.5	1.484	3000	-13.87	0.417	0.37	95
2018	1	3	12	30	3	12.5	3.52085	52	10	1.5	2.044	3000	-5.80	0.517	0.416	115
2018	1	3	13	30	3	13.5	3.56252	52	10	1.5	4.084	3000	-12.17	0.572	0.29	265
2018	1	3	14	30	3	14.5	3.60419	52	10	1.5	2.028	3000	-14.45	0.304	0.299	275
2018	1	3	15	30	3	15.5	3.64585	52	10	1.5	2.67	3000	-38.32	0.26	0.367	85
2018	1	3	16	30	3	16.5	3.68752	52	10	1.5	1.749	3000	14.44	0.257	0.27	95
2018	1	3	17	30	3	17.5	3.72919	52	10	1.5	1.185	3000	-26.39	0.411	0.056	280
2018	1	3	18	30	3	18.5	3.77086	52	10	1.5	0.917	3000	-123.11	0.38	0.132	175
2018	1	3	19	30	3	19.5	3.81252	52	10	1.5	1.027	3000	252.85	0.356	0.057	35
2018	1	3	20	30	3	20.5	3.85419	52	10	1.5	1.221	3000	4.59	0.2	0.138	75
2018	1	3	21	30	3	21.5	3.89586	52	10	1.5	1.528	3000	-277.72	0.494	0.098	310
2018	1	3	22	30	3	22.5	3.93752	52	10	1.5	1.406	3000	-46.97	0.263	0.277	235
2018	1	3	23	30	3	23.5	3.97919	52	10	1.5	1.294	3000	5.78	0.378	0.476	115
